832019161454817280
832019161454817280
832019161454817280
832019161454817280
832019161454817280
832019161454817280
832019161454817280
138168339
138168339
138168339
138168339
138168339
36134224
36134224
36134224
36134224
36134224
36134224
19739126
19739126
19739126
19739126
19739126
19739126
19739126
19739126
19739126
19739126
19739126
19739126
19739126
19739126
19739126
19739126
19739126
19739126
19739126
19739126
19739126
19739126
19739126
19739126
19739126
19739126
19739126
19739126
19739126
19739126
19739126
19739126
19739126
19739126
19739126
19739126
155930120
155930120
155930120
155930120
155930120
155930120
155930120
155930120
155930120
155930120
155930120
155930120
18440301
18440301
18440301
44196397
44196397
44196397
44196397
245789728
245789728
245789728
783792992
783792992
783792992
15207668
15207668
15207668
15207668
833988769
833988769
833988769
833988769
833988769
14328072
14328072
14328072
17477864
17477864
17477864
17477864
17477864
17477864
17477864
29447428
29447428
29447428
29447428
29447428
29447428
29447428
29447428
29447428
29447428
29447428
29447428
29447428
29447428
29447428
29447428
29447428
29447428
29447428
29447428
29447428
29447428
29447428
29447428
29447428
29447428
29447428
29447428
29447428
29447428
29447428
746417655750373376
746417655750373376
746417655750373376
20751145
20751145
20751145
20751145
1349087304233541633
1349087304233541633
1349087304233541633
381685461
381685461
381685461
381685461
1344356576786866176
1344356576786866176
1344356576786866176
1344356576786866176
1344356576786866176
1344356576786866176
1344356576786866176
1344356576786866176
1344356576786866176
168261424
168261424
168261424
1058807868
1058807868
1058807868
79352723
79352723
79352723
1278236816936710144
1278236816936710144
1278236816936710144
1278236816936710144
885891622919184384
885891622919184384
885891622919184384
885891622919184384
885891622919184384
2583166945
2583166945
2583166945
1252988129708929024
1252988129708929024
1252988129708929024
1252988129708929024
492736486
492736486
492736486
492736486
492736486
492736486
492736486
492736486
492736486
492736486
492736486
492736486
492736486
492736486
492736486
492736486
492736486
492736486
492736486
492736486
492736486
492736486
492736486
492736486
492736486
492736486
492736486
492736486
1113747629282930688
1113747629282930688
1113747629282930688
1113747629282930688
1113747629282930688
1229752606714728454
1229752606714728454
1229752606714728454
1229752606714728454
1229752606714728454
1229752606714728454
1229752606714728454
1229752606714728454
1229752606714728454
1229752606714728454
1229752606714728454
1229752606714728454
1229752606714728454
1229752606714728454
1229752606714728454
1229752606714728454
1229752606714728454
1229752606714728454
1229752606714728454
1229752606714728454
1229752606714728454
1229752606714728454
1229752606714728454
1229752606714728454
1229752606714728454
1229752606714728454
1229752606714728454
1229752606714728454
1229752606714728454
1229752606714728454
1229752606714728454
1229752606714728454
1229752606714728454
1229752606714728454
1229752606714728454
1229752606714728454
1229752606714728454
1229752606714728454
1229752606714728454
1229752606714728454
1229752606714728454
1229752606714728454
1229752606714728454
1229752606714728454
1229752606714728454
1229752606714728454
1229752606714728454
1229752606714728454
1229752606714728454
1229752606714728454
1229752606714728454
1229752606714728454
1229752606714728454
1229752606714728454
1229752606714728454
1229752606714728454
1229752606714728454
1229752606714728454
1229752606714728454
1229752606714728454
1229752606714728454
1229752606714728454
1229752606714728454
1229752606714728454
1229752606714728454
1229752606714728454
1229752606714728454
1229752606714728454
1229752606714728454
1229752606714728454
1229752606714728454
1229752606714728454
1229752606714728454
1229752606714728454
1229752606714728454
1229752606714728454
1229752606714728454
1229752606714728454
1229752606714728454
1229752606714728454
1229752606714728454
1229752606714728454
1229752606714728454
1229752606714728454
1229752606714728454
1229752606714728454
1229752606714728454
1229752606714728454
1229752606714728454
1229752606714728454
1229752606714728454
1229752606714728454
1229752606714728454
1229752606714728454
1229752606714728454
1229752606714728454
152656121
152656121
152656121
152656121
212445456
212445456
212445456
879147821915615233
879147821915615233
879147821915615233
153517357
153517357
153517357
153517357
153517357
153517357
153517357
532779460
532779460
532779460
60783724
60783724
60783724
52585436
52585436
52585436
52585436
41438148
41438148
41438148
14344823
14344823
14344823
14344823
14344823
14344823
14344823
14344823
108977933
108977933
108977933
1177718582
1177718582
1177718582
1177718582
1177718582
614600545
614600545
614600545
614600545
614600545
614600545
614600545
614600545
614600545
471426839
471426839
471426839
471426839
471426839
1305817131234267136
1305817131234267136
1305817131234267136
14362766
14362766
14362766
14362766
2876041031
2876041031
2876041031
198296897
198296897
198296897
300236092
300236092
300236092
898565402346827779
898565402346827779
898565402346827779
898565402346827779
898565402346827779
1573800344
1573800344
1573800344
1573800344
1573800344
1573800344
1573800344
1573800344
1573800344
1573800344
1573800344
7767002
7767002
7767002
48325671
48325671
48325671
48325671
45342709
45342709
45342709
1483959660185067526
1483959660185067526
1483959660185067526
804582780298412032
804582780298412032
804582780298412032
804582780298412032
804582780298412032
804582780298412032
804582780298412032
804582780298412032
804582780298412032
804582780298412032
804582780298412032
804582780298412032
804582780298412032
804582780298412032
804582780298412032
804582780298412032
804582780298412032
804582780298412032
804582780298412032
804582780298412032
424144191
424144191
424144191
1497001040398503936
1497001040398503936
1497001040398503936
214492262
214492262
214492262
130120037
130120037
130120037
2209106522
2209106522
2209106522
64698201
64698201
64698201
64698201
64698201
64698201
64698201
64698201
64698201
64698201
19899980
19899980
19899980
1891490382
1891490382
1891490382
435331179
435331179
435331179
435331179
1109045045649424386
1109045045649424386
1109045045649424386
19536434
19536434
19536434
1373739644
1373739644
1373739644
1373739644
1373739644
1373739644
1373739644
1373739644
1373739644
1373739644
1373739644
1373739644
1373739644
1373739644
1373739644
1373739644
1373739644
1373739644
1373739644
1373739644
1373739644
3342600166
3342600166
3342600166
269794637
269794637
269794637
269794637
1029041185808109568
1029041185808109568
1029041185808109568
1475643712596168706
1475643712596168706
1475643712596168706
1475643712596168706
1475643712596168706
1475643712596168706
1475643712596168706
1475643712596168706
1475643712596168706
1475643712596168706
1475643712596168706
1475643712596168706
1475643712596168706
1475643712596168706
1475643712596168706
73397322
73397322
73397322
26562883
26562883
26562883
26562883
26562883
26562883
26562883
26562883
26562883
3249260534
3249260534
3249260534
548384458
548384458
548384458
548384458
548384458
2245797112
2245797112
2245797112
2245797112
2245797112
20280088
20280088
20280088
159021888
159021888
159021888
16041234
16041234
16041234
43277776
43277776
43277776
43277776
2561429863
2561429863
2561429863
558818756
558818756
558818756
558818756
558818756
90679076
90679076
90679076
90679076
3140730672
3140730672
3140730672
368240745
368240745
368240745
239103376
239103376
239103376
239103376
1020602380096696320
1020602380096696320
1020602380096696320
477934944
477934944
477934944
742735530287304704
742735530287304704
742735530287304704
983813914596118529
983813914596118529
983813914596118529
983813914596118529
983813914596118529
983813914596118529
983813914596118529
1066773270773547008
1066773270773547008
1066773270773547008
36372343
36372343
36372343
19604599
19604599
19604599
19604599
19604599
19604599
19604599
19604599
19604599
19604599
19604599
19604599
19604599
19604599
19604599
19604599
19604599
342802864
342802864
342802864
4091551984
4091551984
4091551984
4091551984
2574271742
2574271742
2574271742
956266072440635392
956266072440635392
956266072440635392
956266072440635392
956266072440635392
956266072440635392
956266072440635392
956266072440635392
956266072440635392
956266072440635392
956266072440635392
956266072440635392
956266072440635392
956266072440635392
956266072440635392
956266072440635392
956266072440635392
956266072440635392
956266072440635392
956266072440635392
956266072440635392
956266072440635392
956266072440635392
956266072440635392
956266072440635392
956266072440635392
956266072440635392
956266072440635392
956266072440635392
977204844
977204844
977204844
977204844
977204844
977204844
970994516357472257
970994516357472257
970994516357472257
848148994102611969
848148994102611969
848148994102611969
848148994102611969
848148994102611969
848148994102611969
45977763
45977763
45977763
879713479254528005
879713479254528005
879713479254528005
879713479254528005
879713479254528005
879713479254528005
879713479254528005
879713479254528005
879713479254528005
879713479254528005
879713479254528005
879713479254528005
938758536938557440
938758536938557440
938758536938557440
938758536938557440
938758536938557440
938758536938557440
938758536938557440
938758536938557440
938758536938557440
945762498883588097
945762498883588097
945762498883588097
945762498883588097
28785486
28785486
28785486
1005846500583321601
1005846500583321601
1005846500583321601
1005846500583321601
1005846500583321601
71048726
71048726
71048726
71048726
71048726
17204460
17204460
17204460
14298769
14298769
14298769
22956018
22956018
22956018
1237314642583658496
1237314642583658496
1237314642583658496
15678388
15678388
15678388
923799290
923799290
923799290
131546062
131546062
131546062
849376476877266944
849376476877266944
849376476877266944
15801906
15801906
15801906
15801906
15801906
203123011
203123011
203123011
949892499878719488
949892499878719488
949892499878719488
605153786
605153786
605153786
605153786
96152544
96152544
96152544
96152544
467726691
467726691
467726691
467726691
467726691
58974496
58974496
58974496
58974496
1442256078259974154
1442256078259974154
1442256078259974154
14247236
14247236
14247236
3832
3832
3832
3832
3832
3832
3832
3832
807095
807095
807095
807095
807095
807095
289548939
289548939
289548939
289548939
1236816024281976833
1236816024281976833
1236816024281976833
1236816024281976833
1236816024281976833
1236816024281976833
1236816024281976833
1236816024281976833
1236816024281976833
1236816024281976833
1236816024281976833
1096205507348623360
1096205507348623360
1096205507348623360
1096205507348623360
1096205507348623360
1096205507348623360
1096205507348623360
1096205507348623360
52770751
52770751
52770751
94350709
94350709
94350709
94350709
94350709
94350709
94350709
94350709
94350709
94350709
94350709
19980499
19980499
19980499
519897737
519897737
519897737
519897737
519897737
11134252
11134252
11134252
11134252
11134252
11134252
11134252
889054752230735872
889054752230735872
889054752230735872
889054752230735872
889054752230735872
728273994
728273994
728273994
728273994
728273994
728273994
728273994
728273994
728273994
728273994
728273994
1137827292
1137827292
1137827292
1137827292
1137827292
1137827292
1137827292
966695335887241219
966695335887241219
966695335887241219
746652122
746652122
746652122
746652122
139328853
139328853
139328853
20052899
20052899
20052899
416950760
416950760
416950760
18178850
18178850
18178850
756584190112591872
756584190112591872
756584190112591872
756584190112591872
756584190112591872
756584190112591872
756584190112591872
756584190112591872
756584190112591872
756584190112591872
756584190112591872
756584190112591872
756584190112591872
756584190112591872
2924933104
2924933104
2924933104
1349149096909668363
1349149096909668363
1349149096909668363
1349149096909668363
1349149096909668363
1349149096909668363
1349149096909668363
1349149096909668363
1349149096909668363
1349149096909668363
1349149096909668363
1349149096909668363
1176522535531360257
1176522535531360257
1176522535531360257
1094713876132872192
1094713876132872192
1094713876132872192
3300678755
3300678755
3300678755
3300678755
3300678755
3300678755
3300678755
14260960
14260960
14260960
14260960
14260960
14260960
14260960
14260960
118166719
118166719
118166719
118166719
118166719
603724114
603724114
603724114
603724114
16635277
16635277
16635277
29270273
29270273
29270273
1393936924830732288
1393936924830732288
1393936924830732288
1393936924830732288
1462548977367359490
1462548977367359490
1462548977367359490
1462548977367359490
1462548977367359490
1462548977367359490
1462548977367359490
1462548977367359490
1462548977367359490
292891307
292891307
292891307
31194003
31194003
31194003
31194003
31194003
255369151
255369151
255369151
459872442
459872442
459872442
39508140
39508140
39508140
39508140
351120282
351120282
351120282
351120282
351120282
351120282
351120282
351120282
351120282
351120282
351120282
351120282
351120282
351120282
351120282
351120282
351120282
262219168
262219168
262219168
262219168
262219168
262219168
339724344
339724344
339724344
1238370241169616897
1238370241169616897
1238370241169616897
1238370241169616897
722528529716383744
722528529716383744
722528529716383744
2598999181
2598999181
2598999181
2598999181
2598999181
2598999181
23937894
23937894
23937894
21365372
21365372
21365372
813314931147816960
813314931147816960
813314931147816960
978823376
978823376
978823376
355422278
355422278
355422278
355422278
355422278
785563515897524229
785563515897524229
785563515897524229
113165445
113165445
113165445
113165445
113165445
113165445
113165445
113165445
113165445
1275209472
1275209472
1275209472
1275209472
1275209472
1275209472
1275209472
1275209472
1275209472
1391884924173627395
1391884924173627395
1391884924173627395
1391884924173627395
1391884924173627395
1391884924173627395
1221462414744596483
1221462414744596483
1221462414744596483
2316383071
2316383071
2316383071
86626845
86626845
86626845
86626845
1236324668640047105
1236324668640047105
1236324668640047105
1236324668640047105
1236324668640047105
1236324668640047105
1236324668640047105
1236324668640047105
1236324668640047105
1236324668640047105
1236324668640047105
1236324668640047105
1236324668640047105
1236324668640047105
1236324668640047105
1236324668640047105
1236324668640047105
1236324668640047105
1236324668640047105
1236324668640047105
1236324668640047105
343713611
343713611
343713611
343713611
343713611
343713611
1136667717317091328
1136667717317091328
1136667717317091328
1136667717317091328
7786612
7786612
7786612
818975124460335106
818975124460335106
818975124460335106
1201944151
1201944151
1201944151
940778288871542786
940778288871542786
940778288871542786
940778288871542786
940778288871542786
2987245137
2987245137
2987245137
2987245137
2987245137
1241938664
1241938664
1241938664
1241938664
16799453
16799453
16799453
16799453
16799453
16799453
178711456
178711456
178711456
178711456
25268540
25268540
25268540
255812611
255812611
255812611
255812611
255812611
255812611
255812611
820452522494226433
820452522494226433
820452522494226433
978758798176382977
978758798176382977
978758798176382977
978758798176382977
978758798176382977
29459695
29459695
29459695
29459695
29459695
29459695
29459695
1307027256133345280
1307027256133345280
1307027256133345280
62859096
62859096
62859096
486834536
486834536
486834536
486834536
2962813893
2962813893
2962813893
2962813893
2962813893
2962813893
2962813893
2962813893
2962813893
2962813893
90732175
90732175
90732175
90732175
90732175
90732175
90732175
90732175
90732175
90732175
90732175
90732175
90732175
90732175
90732175
90732175
90732175
90732175
18166778
18166778
18166778
18166778
18166778
499154896
499154896
499154896
499154896
499154896
46926921
46926921
46926921
262461547
262461547
262461547
262461547
225779417
225779417
225779417
225779417
225779417
225779417
225779417
1598709350
1598709350
1598709350
1384053916690571264
1384053916690571264
1384053916690571264
1384053916690571264
1384053916690571264
1384053916690571264
1384053916690571264
1384053916690571264
1384053916690571264
1384053916690571264
1384053916690571264
1384053916690571264
1384053916690571264
1384053916690571264
2352629311
2352629311
2352629311
2352629311
2352629311
2352629311
1155845777039810560
1155845777039810560
1155845777039810560
1155845777039810560
1120633726478823425
1120633726478823425
1120633726478823425
1120633726478823425
1120633726478823425
51241574
51241574
51241574
51241574
242827267
242827267
242827267
15745368
15745368
15745368
20172153
20172153
20172153
1060751816
1060751816
1060751816
1060751816
232427887
232427887
232427887
1640929196
1640929196
1640929196
255471924
255471924
255471924
1201953403099893760
1201953403099893760
1201953403099893760
282711900
282711900
282711900
1375592430624518156
1375592430624518156
1375592430624518156
1375592430624518156
1424033022
1424033022
1424033022
1424033022
1488966025257312262
1488966025257312262
1488966025257312262
1488966025257312262
1488966025257312262
1077214808
1077214808
1077214808
2245822809
2245822809
2245822809
2245822809
2245822809
2245822809
2245822809
2245822809
2245822809
2245822809
2245822809
2245822809
2245822809
2245822809
2245822809
2245822809
2245822809
315779591
315779591
315779591
315779591
27493883
27493883
27493883
27493883
27493883
27493883
27493883
27493883
27493883
27493883
24931027
24931027
24931027
24931027
24931027
24931027
24931027
20995648
20995648
20995648
799717156589965312
799717156589965312
799717156589965312
799717156589965312
799717156589965312
799717156589965312
799717156589965312
175694557
175694557
175694557
80040960
80040960
80040960
80040960
80040960
1074480192
1074480192
1074480192
1074480192
1074480192
1074480192
1074480192
1074480192
26637348
26637348
26637348
26637348
793520017
793520017
793520017
793520017
793520017
1443759943
1443759943
1443759943
1201670995435646976
1201670995435646976
1201670995435646976
1201670995435646976
1201670995435646976
1387010761994682371
1387010761994682371
1387010761994682371
1387010761994682371
1387010761994682371
1387010761994682371
1387010761994682371
1387010761994682371
1387010761994682371
1387010761994682371
1387010761994682371
1387010761994682371
1387010761994682371
1387010761994682371
1387010761994682371
1387010761994682371
1387010761994682371
1387010761994682371
1387010761994682371
1387010761994682371
1387010761994682371
1387010761994682371
1387010761994682371
1387010761994682371
1387010761994682371
1387010761994682371
1387010761994682371
1387010761994682371
1387010761994682371
1387010761994682371
1387010761994682371
2530758806
2530758806
2530758806
2530758806
2530758806
2530758806
2530758806
2530758806
2530758806
2530758806
2530758806
2530758806
2530758806
2530758806
2530758806
2530758806
2530758806
16106584
16106584
16106584
16106584
523411543
523411543
523411543
523411543
523411543
2904241896
2904241896
2904241896
2904241896
2904241896
1503925343434215425
1503925343434215425
1503925343434215425
588688280
588688280
588688280
588688280
588688280
588688280
588688280
588688280
588688280
588688280
588688280
588688280
588688280
588688280
1449377648229195779
1449377648229195779
1449377648229195779
91583544
91583544
91583544
874916178
874916178
874916178
2234760798
2234760798
2234760798
21525682
21525682
21525682
21525682
21525682
21525682
21525682
21525682
21525682
871464343040393218
871464343040393218
871464343040393218
1349418249172234241
1349418249172234241
1349418249172234241
1491238215256141825
1491238215256141825
1491238215256141825
205622130
205622130
205622130
1481658762221993984
1481658762221993984
1481658762221993984
3348628540
3348628540
3348628540
122640580
122640580
122640580
7768402
7768402
7768402
1341091420439015424
1341091420439015424
1341091420439015424
1387802155810271239
1387802155810271239
1387802155810271239
179313631
179313631
179313631
179313631
179313631
1255393579507351554
1255393579507351554
1255393579507351554
950261179536084992
950261179536084992
950261179536084992
39344374
39344374
39344374
90651198
90651198
90651198
90651198
90651198
90651198
90651198
90651198
90651198
90651198
90651198
834081571493785600
834081571493785600
834081571493785600
834081571493785600
2467791
2467791
2467791
2800843867
2800843867
2800843867
2800843867
2800843867
2800843867
2800843867
2800843867
2800843867
816652616625168388
816652616625168388
816652616625168388
816652616625168388
816652616625168388
1271162030393896968
1271162030393896968
1271162030393896968
1104524508709441536
1104524508709441536
1104524508709441536
1104524508709441536
2553418813
2553418813
2553418813
799911790398373888
799911790398373888
799911790398373888
799911790398373888
799911790398373888
105433445
105433445
105433445
105433445
105433445
80802900
80802900
80802900
80802900
22693817
22693817
22693817
237176284
237176284
237176284
237176284
237176284
237176284
237176284
237176284
237176284
1003107003693137921
1003107003693137921
1003107003693137921
1003107003693137921
1003107003693137921
1003107003693137921
1456416915065352197
1456416915065352197
1456416915065352197
713752653289955329
713752653289955329
713752653289955329
2153626892
2153626892
2153626892
2153626892
2153626892
2153626892
1080844782
1080844782
1080844782
1080844782
1080844782
1415344770130587649
1415344770130587649
1415344770130587649
117122035
117122035
117122035
117122035
27086850
27086850
27086850
1298372735383605249
1298372735383605249
1298372735383605249
1298372735383605249
2975091705
2975091705
2975091705
2975091705
1498289437624647686
1498289437624647686
1498289437624647686
1903372854
1903372854
1903372854
24127811
24127811
24127811
151606599
151606599
151606599
151606599
151606599
58487473
58487473
58487473
58487473
58487473
58487473
1280478731874848769
1280478731874848769
1280478731874848769
454099919
454099919
454099919
454099919
454099919
39002335
39002335
39002335
39002335
39002335
22189368
22189368
22189368
189340096
189340096
189340096
47094621
47094621
47094621
47094621
47094621
429851351
429851351
429851351
428333
428333
428333
1917731
1917731
1917731
1917731
1917731
1917731
1917731
278145569
278145569
278145569
2332818674
2332818674
2332818674
302984766
302984766
302984766
302984766
302984766
302984766
302984766
4541535439
4541535439
4541535439
180887271
180887271
180887271
138203134
138203134
138203134
28221296
28221296
28221296
28221296
1259851956
1259851956
1259851956
2926204339
2926204339
2926204339
877968869138329601
877968869138329601
877968869138329601
877968869138329601
877968869138329601
877968869138329601
877968869138329601
877968869138329601
877968869138329601
877968869138329601
877968869138329601
877968869138329601
877968869138329601
877968869138329601
775611351792222208
775611351792222208
775611351792222208
775611351792222208
919828292387061761
919828292387061761
919828292387061761
935368364
935368364
935368364
878247600096509952
878247600096509952
878247600096509952
878247600096509952
36711022
36711022
36711022
7587032
7587032
7587032
420617857
420617857
420617857
420617857
420617857
420617857
420617857
420617857
420617857
420617857
420617857
1367531
1367531
1367531
26347394
26347394
26347394
26347394
26347394
26347394
26347394
26347394
26347394
26347394
26347394
26347394
26347394
26347394
26347394
26347394
26347394
26347394
22277113
22277113
22277113
783214
783214
783214
19678937
19678937
19678937
19678937
3866705320
3866705320
3866705320
3866705320
54391597
54391597
54391597
54391597
49698134
49698134
49698134
2809959174
2809959174
2809959174
2809959174
2809959174
2809959174
2809959174
2809959174
2809959174
2809959174
1652541
1652541
1652541
1652541
1652541
1652541
1652541
1652541
1652541
1652541
1652541
182474563
182474563
182474563
142332083
142332083
142332083
142332083
142332083
142332083
409657315
409657315
409657315
409657315
409657315
409657315
1957610664
1957610664
1957610664
954005058793832448
954005058793832448
954005058793832448
954005058793832448
1046608631968538624
1046608631968538624
1046608631968538624
1046608631968538624
1046608631968538624
1046608631968538624
1046608631968538624
1046608631968538624
1046608631968538624
1046608631968538624
1046608631968538624
216881337
216881337
216881337
2264401871
2264401871
2264401871
2264401871
2264401871
2264401871
2264401871
324703658
324703658
324703658
324703658
324703658
324703658
324703658
67805368
67805368
67805368
67805368
67805368
306832085
306832085
306832085
306832085
306832085
1260792878420291584
1260792878420291584
1260792878420291584
1260792878420291584
1260792878420291584
1260792878420291584
1108565574
1108565574
1108565574
1108565574
2835962353
2835962353
2835962353
16129920
16129920
16129920
308045021
308045021
308045021
308045021
308045021
308045021
308045021
308045021
308045021
308045021
308045021
308045021
308045021
308045021
308045021
308045021
308045021
308045021
308045021
308045021
308045021
308045021
308045021
308045021
308045021
308045021
308045021
308045021
308045021
308045021
308045021
308045021
308045021
308045021
308045021
